40129   48.38978082 -123.48747112    31.752   -7.9   -8.0    0.4
40104   45.95580049  -78.07136926   200.933  -16.4    2.5    3.4
42501   32.37039915  -64.69627375   -11.633  -12.0    8.9   -1.0
13101   50.79781880    4.35922042   149.672   17.7   16.1    0.3
40437   37.64463503 -118.89666436  2390.609  -20.6  -10.7   12.6
40105   49.32261848 -119.62498316   541.889  -13.2  -10.3    0.8
40408   64.97799878 -147.49924071   318.993   -8.2  -20.9   -0.2
41602   -3.87744447  -38.42561291    19.416   -4.8   13.7   -4.5
40451   39.02172777  -76.82683101    14.498  -14.7    4.2   -1.2
40405   35.42515573 -116.88925077   986.724  -16.7   -4.6   -0.5
11001   47.06713068   15.49348164   538.293   21.9   15.6   -0.0
40420   34.46940134 -120.68206770    14.837  -42.4   20.8   -7.4
40130   50.64035293 -128.13499851   559.623  -12.2  -10.7    2.3
12204   52.09727558   21.03154039   141.434   21.1   14.3   -0.0
40400   34.20482041 -118.17322801   423.976  -36.6   12.3   -1.2
10403   67.85735226   20.96844924   391.013   16.0   14.7    6.9
40424   22.12626435 -159.66493087  1167.366  -62.2   34.6   -0.1
13504   52.17842752    5.80964526    96.846   18.0   16.3   -0.6
97301    5.25218184  -52.80595996   -25.785   -5.1   13.0   -1.0
13407   40.42916272   -4.24965790   829.444   18.8   16.4   -0.2
12734   40.64913252   16.70446076   535.649   23.5   19.2    0.3
40474   33.85668622 -117.43681648   396.868  -35.0   14.6    1.0
40442   30.68051088 -104.01499367  2004.499  -12.2   -5.6    0.7
10503   60.21747274   24.39532209    94.633   20.0   12.8    4.2
40465   41.77159090  -91.57489623   207.019  -15.6   -1.2   -1.3
10317   78.92958538   11.86508910    78.489   10.7   13.8    3.4
10402   57.39529956   11.92551878    45.601   17.2   14.8    2.8
40456   34.30150551 -108.11892772  2347.738  -12.7   -7.8    1.8
40403   33.74329052 -118.40424876    69.354  -39.6   19.5   -0.6
40433   39.97455394 -120.94442914  1105.792  -21.2   -4.8    1.0
40499   25.61377981  -80.38393218   -15.596   -9.7    3.3    0.1
41705  -33.15028746  -70.66855287   723.065   21.1   16.7    1.9
40101   47.59524048  -52.67775056   152.830  -14.9   13.0   -0.4
23601   25.02133035  121.53654563    43.975   36.5  -11.1   -0.0
10302   69.66274936   18.93833171   132.477   15.0   15.2    2.6
21730   36.10567942  140.08749622    67.274   -4.4   -8.1    0.5
21729   36.13311035  138.36204363  1508.628   -0.0   -6.1    1.4
40440   42.61333588  -71.49332784    85.021  -15.2    5.5   -0.0
40134   52.23686733 -122.16781302  1095.679  -14.4  -11.5    1.9
40127   62.48089331 -114.48070323   180.938  -17.1  -11.2    6.5
14001   46.87709825    7.46527806   956.332   19.7   16.4    0.7
49395   37.91940482 -122.15255406   262.253  -26.0    4.3    0.3
66011  -66.28335992  110.51970618    22.454    1.5   -9.9    0.9
50133  -31.80196316  115.88525290    12.704   39.0   58.0   -2.9
40407   33.61215610 -116.45816119  1256.178  -27.6    6.7    1.3
40460   32.86470396 -117.25041063    34.795  -42.1   20.0   -4.6
50103  -35.39920217  148.97999923   665.339   18.2   55.4   -0.9
50107  -29.04655206  115.34697879   241.281   38.8   57.9   -0.4
66004  -67.60476670   62.87071486    59.123   -3.7   -2.1   -0.5
66010  -68.57732330   77.97261291    44.386   -2.9   -5.1   -1.5
40479   33.61041481 -114.71485160    85.970  -14.4   -8.1    0.4
13212   50.86731449    0.33627263    76.486   16.8   16.6   -0.1
41703  -27.14820960 -109.38328627   114.530   66.7   -6.1   -0.7
13279   37.69720915 -123.00076867   -21.796  -39.3   27.1   -1.3
40497   32.89194022 -116.42235020  1842.541  -38.6   16.0   -0.3
40128   58.75907755  -94.08872945   -19.290  -18.6   -3.9   11.0
49468   39.13399178  -77.22098215   107.652  -14.8    3.9   -0.1
40140   48.92563736 -125.54164096    10.085   -3.1   -5.4    1.9
50138  -31.86666294  133.80983167   144.730   29.0   58.8   -1.0
40464   35.88835197 -120.43084077   478.744  -34.2   17.5    0.5
40114   45.45416266  -75.62382910    82.510  -16.3    3.7    3.1
40480   33.61793532 -117.80343586   115.535  -38.6   17.2   -1.6
31303   27.76374207  -15.63327487   197.135   16.6   17.5   -0.9
40481   34.03905189 -117.09968323   688.761  -28.9    8.4   -0.7
49426   37.89087543 -122.44760347   -21.298  -31.1   13.2   -3.9
50116  -42.80471026  147.43873526    41.054   14.2   55.3   -1.0
50135  -54.49952886  158.93583178    -6.857  -10.5   32.7   -2.9
14106   52.37929807   13.06609265   144.399   19.2   15.2   -0.4
50137  -23.67011547  133.88551851   603.250   32.0   59.2   -0.7
50139  -20.98142783  117.09719300   109.146   38.9   58.4   -0.2
40404   34.45818637 -117.84516236  1238.076  -30.9    7.8    0.4
49433   40.13093204 -105.23271312  1672.732  -14.9   -6.8   -1.0
50134  -12.84370220  131.13274090   125.108   35.7   59.4   -1.1
12334   39.13476714   66.88544697   622.482   28.1    5.6   -2.0
40483   34.15744403 -118.83031831   246.541  -39.7   18.9   -0.5
12205   52.27695743   17.07345782   124.359   20.1   14.7   -0.5
40487   34.02395143 -118.28511569    21.856  -37.8   18.1   -5.8
41901    4.64007358  -74.08093964  2576.518   -0.1   15.3  -37.8
91201  -49.35146697   70.25552238    73.013    4.8   -2.5   -0.0
13406   40.44359404   -3.95197812   647.309   19.0   16.6   -2.2
12330   55.69928380   36.75863017   204.986   22.7   11.9   -0.2
50127  -12.18834512   96.83397086   -35.298   43.9   50.9   -1.0
12209   53.89240082   20.66994350   187.025   20.3   14.4   -0.4
42202  -16.46551251  -71.49279016  2488.902   12.3   13.9   -1.4
21605   31.09964199  121.20044600    22.059   32.1  -12.5   -0.4
50212  -45.86949880  170.51091660    26.143  -31.7   31.0   -1.7
50501   13.58932961  144.86836064   201.931   -9.5    4.1    0.5
49420   36.68544623  -97.48073835   279.707  -14.3   -3.7   -0.6
40496   40.18159246 -104.72593824  1502.827  -14.0   -6.8   -0.2
66001  -77.83834984  166.66933040    97.960    9.7  -11.5   -0.6
12750   45.40671918   11.87793450    84.008   21.0   16.8   -0.9
14201   49.14419915   12.87891113   666.022   20.3   15.6   -0.4
66008  -63.32072229  -57.90033709    30.719   14.7   10.0    3.9
10002   43.75473853    6.92057443  1319.301   20.4   16.1   -0.3
41606  -15.94747423  -47.87786933  1106.002   -3.9   12.5   -0.9
49423   37.65264370 -122.14056897   -28.845  -30.9   10.3    0.6
21732   27.09558309  142.18457803   208.706  -36.8   12.1   -1.8
50140  -19.26927754  147.05568947    88.118   28.9   56.0   -0.9
66006  -69.00695709   39.58374300    50.013   -3.9    3.2    2.2
40461   33.97988502 -118.03116999    94.214  -38.4   14.4   -6.1
40458   34.05934297 -118.64616203   440.125  -39.5   18.5    0.8
40508   31.87126544 -116.66738506    87.627  -40.8   20.4   -0.7
20405   37.72411583 -122.11931123   213.906  -27.4    6.4   -0.7
49490   36.07170765  -99.21731614   623.897  -13.1   -2.5    0.5
40422   37.93687877  -75.46988256    -9.930  -14.7    4.5   -1.7
49877   35.68275427  -95.86338559   191.126  -14.1   -2.7    1.4
49884   32.40713621 -106.34983113  1204.061  -12.5   -6.2    0.4
43001   76.53733757  -68.78801774    55.056  -22.3    4.9    3.4
49907   38.31887682  -76.45389564   -19.078  -14.5    4.3   -2.3
49908   38.98334883  -76.47938948   -27.307  -14.8    3.7    0.0
40138   49.29481009 -124.08647968     6.586   -8.4   -8.1    1.4
21613   29.65734139   91.10399266  3624.666   45.9   15.8    1.1
39801   -4.67371870   55.47940535   537.168   25.0   11.1   -1.7
49843   41.06711012  -71.86044753   -10.568  -16.5    6.5   -0.4
49473   40.47149299  -74.01159786   -24.640   -8.7    8.8   -1.2
49902   34.13460123 -118.32175561   485.041  -38.3   14.4   -0.2
12348   42.67977022   74.69426674  1714.208   27.8    4.8    1.1
41510  -34.90674472  -57.93229956    29.881   -0.8   11.9    2.3
40136   60.75051119 -135.22211314  1427.394  -11.5  -13.3    1.5
49842   43.07095826  -70.70985371   -14.252  -15.8    5.2    0.6
20805   39.88737163   32.75847011   976.011    1.5   12.0   -1.7
40488   33.44577252 -118.48300880     3.892  -40.4   21.5   -0.6
49841   41.67120336  -69.95004777   -10.622  -16.2    6.2   -0.4
12309   56.02748053   37.22359122   254.814   22.7   11.7    0.6
49845   38.77678811  -75.08768803   -13.551  -14.8    4.1   -1.0
49891   37.85305476 -122.41894888    -8.075  -34.1   10.5   -0.9
41507  -53.78547150  -67.75111771    32.049    3.8   12.2    1.5
40701   20.01206352  -75.76231664    20.849   -5.6    4.9   -0.7
41514  -24.72745595  -65.40764301  1257.734    5.1   11.9   -2.2
43005   66.98741902  -50.94484031   229.868  -17.6   12.1   -1.1
49880   37.60835412  -75.68700595   -29.102  -14.2    4.6   -1.6
40469   35.98234332 -117.80889037  1455.323  -15.5    4.0   -5.1
49425   38.99518485 -123.07472878   353.217  -30.5   10.0    0.5
49851   32.75756635  -79.84287542   -29.038  -12.9    3.1   -1.0
49439   29.91346082  -95.14575554    -8.531  -12.0   -0.0   -2.4
11502   49.91370535   14.78562371   592.585   20.3   15.1    0.4
49856   45.65349399  -84.46564688   145.047  -15.0    2.4    0.1
49914   25.73280993  -80.16017076   -22.286  -10.0    3.2   -0.3
50209  -36.60284094  174.83438594   132.694    4.1   39.2   -0.8
49475   43.62864448  -83.83776904   149.192  -19.0    1.1   -2.6
12313   52.21902394  104.31624225   502.340   25.2   -6.7    0.1
11006   47.31290561   11.38609357  2384.164   20.8   15.6    2.5
12717   36.87611112   14.98981115   126.210   21.3   19.9   -1.1
22306   13.02116756   77.57037759   843.706   41.3   35.5    0.9
49872   29.32988049  -94.73680987   -17.586  -11.6   -2.9   -5.0
49862   43.00253640  -87.88844914   147.332  -15.7    0.0   -3.3
50207  -43.95578379 -176.56584476    57.970  -40.7   33.0   -0.9
43201   17.75689879  -64.58431936   -31.960   10.3   13.6   -1.4
49467   37.24854083  -76.49945801   -22.078  -14.4    4.3   -2.7
49901   34.38184881 -117.67828266  2228.025  -30.1    7.2    0.1
49840   43.88981709  -69.94657676     1.903  -15.2    6.4    0.4
10202   64.13878494  -21.95548630    93.045   -8.4   19.5    0.0
41517  -31.60216669  -68.23264777   702.548    6.7   12.1   -0.8
33201   -2.99591037   40.19439657   -23.358   26.2   16.6   -1.4
23902   36.37442036  127.36608262    77.457   26.7  -12.5    0.8
49909   33.24787541 -119.52436608   239.663  -42.4   24.0   -0.8
21502   27.69272412   85.52121961  2105.096   36.9   33.3   -6.1
49422   34.97986569  -97.51925018   305.111  -14.1   -3.1   -0.1
49878   27.83835148  -97.05895896   -16.656  -14.5   -4.0   -3.5
41520  -26.84325474  -65.23035154   485.057    2.4   10.4    0.8
49847   36.92708058  -76.00637014   -26.759  -14.0    0.4   -0.1
49866   29.87896263  -89.94172884   -18.608  -12.4   -0.5   -2.4
49913   38.58881688  -76.13037465   -27.978  -16.2    5.3   -1.5
12711   44.51995709   11.64681751    50.050   30.5    9.3    0.6
21602   30.53165222  114.35726383    25.825   32.4  -11.5   -0.1
12725   39.13591262    8.97275375   238.356   21.6   16.1   -0.4
40139   48.29785478 -124.62490711   459.892   -2.9   -4.6    3.0
40457   47.65397676 -122.30947646    44.190   -9.7   -8.6   -1.7
49577   29.77941919  -95.43299266    11.914  -14.6   -2.4   -8.8
49893   46.20488751 -123.95609483   -13.929   -3.9   -3.5    2.1
49890   37.18708623 -122.38995395     7.810  -40.2   24.1   -1.2
49998   55.06907176 -131.59953669    32.180  -13.0  -10.7    0.2
49572   31.87392473 -102.31516505   858.772  -12.4   -6.0   -0.6
49437   31.76976567 -106.41393010  1113.286  -12.8   -7.2   -0.4
49579   30.31169600  -97.75631837   190.193  -11.7   -2.9   -1.7
49995   60.67507781 -151.35017940    56.176    8.7  -28.1   13.2
40419   57.61769191 -152.19343038    27.052  -16.6   -2.4    7.6
13410   40.82088886    0.49236328   107.797   20.0   16.2   -0.5
49895   20.24588873 -155.88381783    78.174  -61.7   34.9   -1.7
42005   -0.74269463  -90.30361610     7.433   51.0   10.3   -0.6
49659   44.58553511 -123.30460493   105.611   -9.2   -4.8    0.3
50506    8.72220823  167.73023634    38.212  -69.1   29.6   -1.6
21752   39.18556250  139.54766047    45.228   10.5   -7.4    1.7
13402   36.46434628   -6.20564474    84.154   16.1   17.1   -0.5
49863   30.22751849  -88.02410482   -18.594  -13.3   -0.4   -3.2
51401  -15.44713730  167.20320247   126.986   -8.1   33.0   -3.2
30602   -7.95121307  -14.41207266   105.111   -5.4   11.1   -0.6
92727  -20.55869108  164.28733714    84.149   21.7   47.4   -0.6
11206   47.78960376   19.28153025   291.722   22.4   14.7   -0.7
49894   40.44177430 -124.39633526   305.508  -21.1   18.6   -2.0
49896   21.98349413 -159.75816918    23.658  -62.3   35.4   -0.6
30802   -7.26968395   72.37024087   -64.919   46.3   32.7    1.2
49871   46.70505591  -92.01521448   159.225  -17.2   -2.2   -0.7
49804   55.19027067 -162.70715956    50.469   -9.0  -22.4   -0.4
21614   34.36867089  109.22149569   463.980   33.3  -11.0   -1.1
49865   38.61108836  -89.75868993   157.152  -14.3   -0.9    0.3
40135   54.72558379 -101.97803546   311.530  -17.8   -7.1    2.7
42006   -1.65059514  -78.65110682  2817.169    1.2    8.1   -0.9
49416   37.34153254 -121.64257920  1261.741  -24.2   -0.9   -1.4
10333   69.27837412   16.00869771   413.782   14.0   15.4    1.6
92732  -20.91798531  167.26378193    73.193   21.4   46.1   -1.0
24901   26.20914270   50.60814737   -17.080   31.2   30.3   -0.2
51402  -17.72888833  168.31949332   114.178  -58.0    8.1   -4.6
12353   62.03095947  129.68030507   103.411   18.7  -12.6    0.1
43003   65.57933543  -37.14935789    67.454  -15.6   16.3    3.3
20707   32.99524718   35.68828489   347.007   22.4   22.6    0.8
20704   32.06799683   34.78089825    58.364   22.6   19.9    1.3
12741   45.43698307   12.33198580    67.090   21.4   17.1   -1.5
40477   19.80135541 -155.45634309  3754.672  -62.6   35.0   -1.3
49424   40.64016842 -114.17969854  1560.207  -16.8   -9.4    0.5
49459   30.35628098  -89.61027834   -11.682  -12.4   -0.2   -1.0
30302  -25.89010404   27.68698126  1414.142   17.7   18.7   -0.5
41518  -38.00265915  -65.59524724   404.543    0.0   10.5    0.5
40141   50.12653889 -122.92119058   909.306  -11.0  -10.1    4.3
49428   35.94523888 -120.54155855   589.840  -34.8   19.5   -2.4
49484   32.09026082  -87.39181357     9.044  -12.3    1.1   -2.0
40137   50.25880878  -95.86618183   245.291  -17.5   -4.3    0.6
14208   48.08616987   11.27986842   641.351   20.4   15.9    0.1
13534   53.36273940    5.21939046    56.100   18.4   14.9   -0.4
13299   55.21279109   -1.68549516   144.513   15.4   16.7    0.6
50601  -13.83221219 -171.99952989    47.574  -63.9   33.4   -1.9
49852   24.58227263  -81.65303347   -13.797  -10.1    2.7   -0.7
41610  -25.44836748  -49.23095513   925.758   -3.2   12.5    0.7
49581   29.49121093  -98.57664292   263.834  -12.1   -3.4   -0.3
12207   52.47594835   21.03534534   149.621   21.3   14.5    0.2
49870   44.30394889  -91.90330783   353.757  -16.1   -2.0   -1.2
49578   27.74079730  -97.44167875   -10.397  -12.7   -1.8   -2.9
12217   51.11326162   17.06204166   180.806   20.3   14.8   -0.3
10003   43.56077400    1.48076130   207.102   19.6   16.3    0.3
41611  -22.11990359  -51.40853423   430.948   -2.9   13.0    1.1
66012  -62.19410112  -58.98050038    72.284    9.5   17.6   -3.6
49802   58.41775645 -135.69705173    20.025  -11.5  -14.8   19.7
40124   50.87135131 -114.29349790  1247.951  -14.4  -10.4   -0.1
82001   18.46297722  -67.06695699    89.540    8.3   13.1   -0.4
20706   29.50928029   34.92060132    29.532   25.1   21.0   -0.2
49912   33.79779836 -118.33060430    -5.223  -39.1   18.7   -0.4
41612  -13.25555733  -43.42173563   419.398   -5.1   12.2    1.1
13236   51.44568150    0.74341229    53.296   17.3   16.3   -1.4
12349   55.99324971   92.79383361   210.033   25.2   -4.4    0.1
12724   45.06336826    7.66128261   310.729   20.6   15.7   -0.2
49848   37.53790504  -77.42966442    55.525  -14.1    4.0   -0.5
12352   43.17873226   77.01689997  1342.003   28.6    4.0    0.5
14302   35.14098701   33.39644704   190.007   19.5   15.3   -0.0
12350   60.53286262   29.78087688    76.684   21.0   12.0    2.6
49876   31.77827262  -95.71851106    94.851  -12.8   -2.5   -0.4
49488   31.89722817  -92.78191249    68.023  -12.5   -1.6   -1.1
49979   19.71918432 -155.05269732    29.290  -62.4   35.6   -1.4
11101   42.55609515   23.39473408  1119.529   23.9   12.1   -0.3
49970   21.30328975 -157.86454852    21.968  -62.7   34.7   -0.6
41603  -15.55526192  -56.06986685   237.425   -3.0   12.0   -0.5
25701   41.86352960   78.19039434  4012.894   67.2   77.2    5.0
13506   52.91461179    6.60450668    82.272   17.7   16.5   -0.6
10204   64.26729275  -15.19791940    82.687   12.3   15.9    8.5
14216   49.01124606    8.41126033   182.843   19.5   15.6   -2.2
49853   35.59945479  -82.54620538   659.165  -14.0    2.3    0.4
49379   36.76530455 -121.44718663   359.828  -43.6   26.3    1.4
25601   42.99850127   74.75110026   716.337   27.3    2.8    0.9
12351   43.78839339   41.56506779  1166.274   25.5   11.5    1.0
25702   42.62071410   75.31547163  2171.533   30.5    3.9    0.9
50136  -12.65884574  132.89389970    82.097   35.4   58.7   -4.1
49763   42.83609885 -124.56334602    37.828   -6.6    1.4    0.7
22601    1.34580177  103.67995887    75.406   30.6   -5.3    0.9
40133   54.83208997  -66.83261753   498.304  -17.2    7.9   11.4
49917   33.93475712 -116.39178261   445.012  -22.2    4.6    0.8
49662   46.11817724 -122.89606954   -15.941   -9.4   -5.9   -1.2
25703   44.20813151   73.99710900  1012.133   27.1    2.9    0.0
10424   64.69784830   16.55993282   450.065   15.6   15.1    8.7
12354   59.57575241  150.77002312   361.822   14.1  -23.9   -0.5
23903   37.27551406  127.05424230    82.269   26.6  -12.7    0.6
92701  -22.26984841  166.41020237    83.054   20.4   46.5   -1.6
30314  -32.38020970   20.81046349  1799.757   16.9   19.2   -0.1
91501  -66.66508529  140.00193389    -1.345    7.5  -11.7   -1.0
12312   40.22645592   44.50292851  1194.739   28.8   17.2    0.4
30608  -40.34883203   -9.88071519    81.238   21.2   18.8   -1.1
66009  -71.67379585   -2.84178284   862.348   -0.5   10.3   -0.4
49915   32.91442751 -118.48793878   452.853  -41.9   23.0   -0.9
41615   -5.49176507  -47.49723493   104.994   -4.2   12.9   -2.1
12356   50.36418339   30.49673382   226.314   22.4   12.9   -0.4
42402   10.67397931  -71.62443029    28.396    9.0   13.2    0.6
21742   31.82406049  130.59959368   314.630   23.2  -19.0    0.5
23101   -6.49105476  106.84891176   158.115   24.8   -6.0   -3.3
21612   43.80794962   87.60066811   858.848   31.7    6.9    1.5
49470   39.16008773  -75.52360010   -15.185  -15.2    4.2   -1.2
13909   38.69341591   -9.41851984    76.018   17.9   17.0   -0.4
20806   40.78672886   29.45067702   220.431   15.5   11.7   -1.1
50119  -35.31553087  149.01005345   799.926   18.3   55.4   -1.0
12752   43.11939223   12.35570447   351.101   21.6   17.3   -0.8
92201  -17.57706052 -149.60645183    98.021  -65.8   34.3   -0.9
22007   13.98688059  120.97773899    61.096  -17.0    1.6   -1.3
20703   30.59760640   34.76314063   886.834   23.5   19.6    0.8
21609   25.02953806  102.79719714  1986.200   31.1  -17.9   -0.5
13216   55.00741967   -1.43986519    56.928   15.9   16.5    0.4
66005  -64.77508973  -64.05112117    31.065   13.5   10.5    2.5
10073   43.27877051    5.35378850    61.804   20.0   16.1   -0.7
10090   45.87908518    4.67657667   432.405   19.5   16.1   -0.4
12712   44.41938834    8.92114441   155.525   20.8   15.9   -0.7
20709   33.02281682   35.14505947   103.404   21.9   20.2    0.3
20708   32.47933828   35.41647887   506.805   22.3   21.1    0.3
40426   28.46022787  -80.54523208   -24.415  -11.9    3.0   -2.6
49427   37.99617562 -123.01872048   145.713  -37.8   24.4   -0.8
23104    3.62161135   98.71472090     1.950   32.1    1.1  -11.7
25704   42.44546524   72.21044901  1498.513   26.9    4.0    0.4
20705   32.77898574   35.02298474   225.078   22.3   20.0    0.4
13231   57.14400885   -2.08021936    53.473   15.0   15.9    0.5
92902  -14.30780350 -178.12094471    84.878  -59.8   33.4   -1.0
13273   50.10303008   -5.54278714    64.516   15.8   16.7   -0.6
49927   44.39504826  -68.22169135     6.759  -15.3    7.0    0.1
49928   44.90871006  -66.99213215    30.363  -15.5    7.2   -0.6
12360   71.63447306  128.86642297    47.064   17.0  -11.6    0.5
12355   53.06673151  158.60707682   210.304   -4.8   -7.4   -2.3
40511   31.04504539 -115.46586231  2763.655  -43.2   20.2   -0.1
40472   38.80312410 -104.52459462  1911.393  -14.5   -5.7   -0.5
10004   48.38049436   -4.49659353    65.828   16.7   16.9   -0.5
40142   49.15660773 -122.00842760   174.047  -11.0   -9.9    2.6
49474   32.13860016  -81.69633600     8.415  -12.7    2.4   -0.5
22003   14.63571987  121.07773087    95.447  -24.1    4.2   -6.8
49956   33.71264011 -118.29382380    59.484  -39.2   19.5   -0.5
97401  -21.20822518   55.57172094  1558.372   18.3   11.8   -1.5
13431   41.59961900    1.40114164   853.411   19.6   16.3    0.2
50141  -31.82552093  115.73858410   -27.237   38.9   57.1   -3.0
41515  -54.83952454  -68.30356632    71.898    9.0   11.7    1.2
49378   34.08099521  -81.12167609    81.610  -11.9    3.1   -2.5
22703    6.22619218  102.10546632    -0.484   33.2   -4.0    2.3
49980   21.98456373 -159.33925762    45.985  -61.6   35.0   -1.2
40445   20.70665603 -156.25702702  3062.102  -61.9   34.9   -1.1
41716  -53.13695429  -70.87988176    22.289    4.8   12.1   -0.6
50208  -41.32345399  174.80589107    26.028  -24.3   33.8   -3.1
41715  -45.51434057  -71.89208102   476.168   -2.5   10.2   -0.7
50143  -27.48489090  153.03530076    91.993   21.7   53.8   -0.8
22702    3.26150605  113.06722235    48.771   28.8  -11.4    1.1
13233   53.44969664   -3.01822540    66.043   15.3   15.9    0.2
13232   52.47322572    1.75019763    53.840   17.4   15.7   -0.7
11401   44.46394544   26.12574201   143.215   23.1   12.4    2.0
49472   34.82661479 -120.56350956    98.912  -42.0   23.1    2.1
10512   62.39117401   30.09616062   113.760   20.6   12.0    3.7
10422   67.87757654   21.06024219   498.073   16.0   14.5    6.7
10405   60.59514448   17.25852810    75.478   17.8   14.1    7.7
12302   56.94862029   24.05877540    34.728   20.3   13.4    1.3
10511   62.96119388   21.77063823    58.183   18.4   13.5    8.9
10423   57.65387060   18.36731867    79.832   19.0   13.9    3.0
49805   64.68793953 -147.11296878   176.470   -8.5  -18.7    0.8
30310  -25.74634455   28.22403899  1416.314   17.6   18.6   -0.1
50109  -34.72899560  138.64734752    38.039   24.6   58.5   -1.5
41505  -34.57370077  -58.51929913    48.677   -0.3   12.3    1.9
13235   51.45374426   -1.28388899   163.014   16.6   16.6   -0.5
12706   35.49977512   12.60565765    57.787   19.9   18.8   -0.1
51002   -6.67370510  146.99318914   140.266   27.7   53.0   -5.9
41712  -33.02724251  -71.62609074    31.370   27.5   21.8   -3.0
41512  -38.70076778  -62.26922719    59.468    0.4   11.2    0.2
49494   34.09026375  -88.86247983   105.729  -13.6   -0.2   -0.5
22201   32.02854717   35.87954101  1074.472   23.0   17.8   -3.7
12301   48.63197842   22.29762017   232.013   22.0   13.9    0.1
32601    6.87056050   -5.24009275   270.253   21.8   18.5   -0.6
13435   42.69357648    0.97566739  2508.416   19.3   16.5   -0.2
12329   47.02973453  142.71672089    91.291   12.3  -12.1    1.0
13436   42.47812814    1.97305279  1467.754   19.8   16.3   -0.3
13433   38.33892126   -0.48122825    60.333   20.0   16.7   -0.1
49684   41.50984695  -71.32753788   -13.097  -15.1    5.7   -0.4
12362   56.42982184   58.56045882   247.570   25.3    6.2    0.4
22901    4.18868458   73.52628833   -92.064   44.0   34.6   -2.6
49985   32.70616899 -115.03180349     9.779  -15.4   -6.3   -2.1
13434   43.36438434   -8.39893159    66.907   21.1   16.6   -2.5
12363   68.07612882  166.43796377   456.135    8.8  -20.8    0.1
23904   37.07756704  127.02403457    48.801   26.6  -12.6    0.5
42601   17.93902384  -76.78087193    -2.939    3.0   10.3    0.0
50214  -43.70273320  172.65470076   154.655  -34.4   30.7   -1.5
21601   39.60860084  115.89248709    87.466   30.6  -10.6    2.2
20710   31.59320157   35.39207154    31.823   23.0   20.4    3.0
49769   41.78274112 -124.25520005   -10.208  -10.0   -0.4    2.0
41617   -8.05096264  -34.95151676    20.133   -4.4   12.7   -3.4
14264   54.17448204    7.89309305    48.400   17.7   16.1    0.1
40507   21.85615360 -102.28420372  1887.445  -13.8   -3.2  -90.0
20808   40.99470865   39.77556303    99.281   25.5   13.5   -0.4
20807   41.10444832   29.01934108   147.242   21.5   12.2    0.2
41513  -43.29888027  -65.10724843    27.385   -1.7   11.3    0.6
49469   32.22445578 -110.97187902   733.191  -13.1   -7.1   -0.7
41616  -30.07404134  -51.11976500    76.737   -2.0   12.3    0.2
41618  -13.00866879  -38.51235947    35.743   -3.5   12.2   -0.4
10077   41.92745813    8.76261590    98.770   21.1   16.1   -0.1
40147   45.58502088  -75.80732897   234.963  -16.2    3.4    3.2
41902   10.39133476  -75.53385310     4.062   12.5   10.8   -2.1
49817   33.13060768 -117.04176905   185.242  -38.4   18.2   -0.2
50246  -43.66623877  169.85585337  1222.316  -16.8   38.2    2.6
50250  -43.53167604  169.81581779    58.027   -8.5   42.3    0.6
50248  -43.60838542  169.77516151  1403.278  -11.9   41.2    0.1
49834   56.85449220 -135.53929721    66.601  -15.8   -7.3    1.2
32809    0.35390733    9.67212588    31.507   22.4   19.2    0.1
14234   52.29619009   10.45974770   130.244   18.9   15.7   -0.2
92301  -23.13035541 -134.96482214    80.635  -67.6   32.0   -0.3
13903   37.09893910   -8.66837623    62.715   17.3   17.5   -0.8
20711   33.18200929   35.77065034  1083.171   22.4   22.7   -0.4
31906   37.74775012  -25.66276285   110.610   12.3   16.2   -2.0
12337   44.41326027   33.99098372   365.795   24.3   12.2   -0.3
41202   13.09953649  -86.36212691   852.716   12.5   11.0    5.3
41201   12.14893895  -86.24899361    71.059    6.0    9.7    1.7
97102   15.97961114  -61.70306284   376.974   11.9   15.7   -2.0
97107   16.04498137  -61.66271885  1417.620   10.5   17.2   -1.8
35001   33.99810442   -6.85428847    90.090   16.4   18.0   -1.8
35003   35.56164472   -5.36301206    63.725   15.7   17.2    0.5
49835   34.02926012 -119.78481205   702.183  -41.5   23.4   -0.4
49728   33.31161686 -118.33381675   477.241  -40.5   21.6   -1.0
49734   34.00433601 -120.06522170    68.213  -42.0   24.1   -0.3
49741   34.03825913 -120.35139217   130.926  -42.2   24.9   -0.5
49898   32.57931531 -116.97268271   123.595  -39.1   18.6   -0.6
12319   54.84061105   83.23544639   123.090   26.7   -1.1    0.5
12755   38.10832264   15.65103294   138.828   23.7   17.3    0.4
15601   41.12731220   20.79405171   773.018   23.9   11.8    0.5
40901   14.59040424  -90.52018267  1519.877    5.6    3.5    0.1
50204  -43.98570298  170.46493952  1043.645  -29.1   31.8   -1.6
30101   29.86154731   31.34339903   148.614   22.8   19.3   -0.9
20814   36.56638926   34.25585317    38.475   14.0   16.6    0.9
12364   69.36183324   88.35978345    47.918   22.3   -2.1    1.6
49710   34.49998122 -119.71999734  1179.207  -41.6   18.2    0.9
41401   13.69708569  -89.11659549   626.638    5.8    8.7    1.8
49714   35.31180429 -120.66109394   134.628  -39.7   23.4    0.6
13420   40.52490130   -3.08862511   972.756   18.9   16.4   -0.2
30315  -28.79554561   32.07838527    31.755   16.4   17.9   -0.2
10020   46.13346363   -0.40769862   113.202   18.4   16.4   -0.3
13902   41.10602340   -8.58908908   287.646   17.7   17.0   -0.9
10307   59.73658762   10.36775874   221.567   15.8   15.3    5.1
10330   59.01771276    5.59862548   104.925   15.2   15.8    1.3
10331   63.37138449   10.31915866   317.760   14.1   16.0    4.2
10322   70.33637361   31.03119696   174.897   17.6   12.2    2.8
14268   53.56364285    6.74744794    54.212   17.7   15.5   -0.5
40145   50.54428086 -126.84264286    37.330  -11.7   -9.4    2.2
24201   47.86506749  107.05232724  1575.527   28.2   -8.5    0.8
49837   47.77410382 -122.08015637   109.049   -9.9   -7.5    0.4
13217   55.92478643   -3.29478785   119.065   14.9   16.6    0.9
20712   31.37782300   34.86631023   488.948   22.6   19.2    1.1
13437   36.85253490   -2.45944559   127.484   18.7   16.2   -0.3
13438   43.47198080   -3.79806221    99.269   18.4   16.6   -0.4
13439   39.48082878   -0.33764673    77.568   20.0   16.3   -1.1
13444   39.55262738    2.62455550    62.030   20.4   16.5   -0.2
13234   51.42098149   -0.33963558    72.638   17.1   16.2   -0.7
19966   69.32605824   16.13481853    44.260   14.3   16.1    1.4
40512   28.88405947 -118.28968452    40.472  -47.2   25.1   -0.4
49677   30.51307530  -90.46762664     5.821  -12.1   -0.6   -0.9
10108   62.02329680   -6.76451604   114.606   11.8   17.0    0.1
12365   55.11487961   36.56952670   182.661   22.9   11.5    0.8
49778   27.84982172  -82.53232054   -15.887  -11.2    1.8   -1.2
81701   28.76387232  -17.89382740  2199.196   15.9   16.9   -1.2
12336   49.60261446   34.54293202   178.364   22.5   12.3    0.0
20714   31.77115439   35.20245340   790.349   23.0   19.7    1.5
49795   40.74148270  -74.17770593    16.668  -15.4    4.9   -1.3
50603  -13.84920938 -171.73842414    76.862  -63.9   33.4   -0.6
50216  -36.84359851  174.76989453    40.868    4.3   40.2   -1.3
33901   -0.60146854   30.73787687  1337.532   24.3   17.6   -0.4
12361   48.52145382  135.04615693   130.474   21.8  -13.4    0.6
40146   45.95020958  -66.64170576    22.832  -15.7    7.5   -0.3
40150   68.30618473 -133.52696195    46.379  -12.6  -16.7   -1.0
40149   74.69082019  -94.89369506    19.987  -20.4   -5.1    6.2
30307  -34.18793851   18.43957455    39.485   16.6   19.6   -0.4
50503  -14.32609432 -170.72243706    53.639  -63.6   34.1   -0.5
21704   35.70676515  139.48853216   128.882   -1.1   -4.9    0.5
40148   70.73630360 -117.76123763     0.438  -17.2  -12.3    3.0
10425   57.71495934   12.89135064   219.972   17.4   14.8    3.5
12366   49.83558921   24.01448961   370.506   21.9   14.0   -0.5
50213  -21.20102561 -159.80061320    18.405  -62.9   35.2   -0.7
13289   50.80232983   -1.11120250    56.552   16.9   16.6   -0.4
35002   33.53962653   -5.10846369  1710.099   16.9   17.6    0.6
21701   35.95537281  140.65767432    57.884   -4.4   -8.7    1.0
43007   60.71526406  -46.04776443   110.450  -16.9   13.7    3.4
14278   51.03530639    6.43162863   156.173   18.3   16.0    0.1
49670   48.54619447 -123.00761101   -15.033   -9.0   -8.6   -0.1
13449   35.89605297   -5.31133141    51.848   16.0   17.4   -1.2
40473   48.13152354 -119.68263459   238.606  -12.8  -10.1   -0.7
10023   46.15894301   -1.21931559    57.854   18.2   16.5   -0.4
50804  -17.60881233  177.44658102    89.661   14.6   32.3   -1.2
51101   -8.52528959  179.19655740    38.400  -64.3   32.3   -1.1
40902   16.91605599  -89.86761399   118.137   -6.9    0.9    2.1
10531   60.20018665   25.04655217    43.368   20.1   12.4    2.7
25602   50.71395059   78.61906519   126.171   26.6    0.9    1.2
41620  -25.02023819  -47.92496876     6.061   -2.5   12.8    0.0
50902  -21.14471336 -175.17921790    56.314   90.9   -7.3    1.1
12327   41.32804935   69.29556786   439.695   27.2    4.4    0.4
21702   39.13516986  141.13282567   116.987  -11.1   -7.0   -1.7
10320   58.00637741    7.55475586    45.844   16.1   15.3    1.2
34106   14.68454552  -17.46510348    46.183   20.3   16.7   -0.2
49676   36.90463315  -75.71270086    -1.148  -14.4    4.2   -1.3
20102   29.13886770   36.09991769   861.594   27.0   23.8   -0.1
20103   19.21142555   42.04464770  2703.109   34.5   27.6    0.3
49672   34.34464832  -77.87538833   -17.342  -13.1    4.0   -0.9
49656   33.48045208 -119.02973696    14.792  -41.2   22.8   -1.2
51006   -2.04322940  147.36600838   116.335  -65.9   23.4   -1.5
40190   48.83532891 -125.13510510    10.792   -4.3   -6.1    2.1
41719  -36.84376020  -73.02547955   180.675   33.9   21.2   -1.5
49591   30.48403808  -81.70148558   -19.214  -12.4    2.6   -1.4
49584   30.20459404  -85.67819464   -18.642  -12.5    1.2   -0.7
10001   48.83592070    2.33493980   122.585   18.1   16.1   -0.4
34601  -15.42554001   28.31101308  1324.920   20.0   18.5   -1.2
12335   46.97278516   31.97284210    93.905   23.6   12.1    0.2
50181  -31.04873269  116.19272000   234.828   38.4   58.1   -0.4
40536   19.74123830  -99.18861128  2267.958   -6.6   -2.7   -6.9
23604   24.79798563  120.98739172    77.238   30.4   -9.2   -0.5
41713  -37.33870223  -71.53204871   745.401   15.6   10.5    0.8
41714  -27.38452615  -70.33823551   479.118   20.5   16.3    4.3
41708  -20.27354061  -70.13171268    38.950   26.6   15.8    1.0
40162   82.49429414  -62.34047090    78.156  -21.6    6.1    6.2
49692   35.47352909  -79.15805618    94.082  -13.8    3.4    0.2
50305    1.35458322  172.92289310    36.169  -67.8   31.2    0.1
23112   -0.03159681   98.52622331    -1.127   29.7   23.0    3.5
41521  -38.03560307  -57.53114201    20.125   -0.3   12.3    2.0
10064   47.64800852   -3.50797997    93.314   16.8   16.1   -0.3
22307   17.41725979   78.55087103   441.696   40.6   35.2   -0.2
50182  -37.82940830  144.97533896    40.589   19.3   57.0   -1.2
10055   49.58066226   -1.77795940   188.629   17.2   16.4   -0.6
40163   71.99032490 -125.24986086    69.265  -16.2  -14.2    0.8
50247  -43.77732754  170.10550938   960.369  -23.7   33.9    4.1
49582   24.55369013  -81.75428229   -11.798  -10.1    3.1   -1.6
21789   24.29009514  153.97865730    35.658  -71.6   23.9   -0.6
10012   43.70326487    7.22726248   256.488   20.5   16.0   -0.4
40120   44.68354989  -63.61128062     3.099  -15.2    8.7   -1.4
40164   56.53697610  -61.68871807    32.797  -16.2   10.5    4.5
40151   49.18682666  -68.26332893    27.500  -16.1    6.1    3.6
40152   64.31781983  -96.00234672     4.492  -18.6   -4.4   11.6
40154   55.27836140  -77.74543656    -0.367  -18.5    3.5   14.0
40155   51.47980872  -90.16197543   315.143  -18.2   -2.1    6.0
42003   -0.21515671  -78.49360772  2922.528    7.3   10.5   -2.4
40156   48.09705737  -77.56416752   312.823  -17.3    2.5    6.9
10101   55.73902020   12.50002552    94.027   18.1   15.0    1.3
80601  -51.69841017  -57.85074261    66.135    0.5   12.5   -0.1
13443   36.72611574   -4.39352888   119.820   17.7   15.1   -0.3
13450   42.18398092   -8.81306777    87.769   17.6   17.0   -1.1
10017   50.99365484    2.34475314    56.769   17.8   16.3   -0.6
23909   37.46251727  126.95552939   200.258   26.3  -12.2   -0.1
14281   54.51359126   13.64329389    68.209   19.1   14.7    0.2
12718   45.70975776   13.76352143   323.409   20.8   17.8   -0.1
14277   54.16978901   12.10142612    50.739   18.5   15.4    0.5
40153   79.98853590  -85.93993062    25.687  -23.3   -2.2    7.0
49415   37.68621927 -122.41044270    -2.194  -32.9   15.4   -2.2
50227  -39.18255370  174.11817401   416.934   -0.1   39.9   -1.3
21755   40.89749553  140.85920678    44.209    2.2   -6.2    1.4
21757   38.56333929  139.54596154    45.537    3.9   -8.3    0.4
21760   35.16015391  139.61553264    42.879  -10.3    8.4   -2.8
21776   45.40782008  141.68533240    31.676   12.0   -6.5   -1.3
21783   33.47594718  135.77319126    46.425   -9.7   -2.8   -2.4
21785   32.73511746  129.86619898    38.584   23.0  -14.2   -2.2
49569   29.30147531  -95.48507482    -9.463  -12.4   -2.9    2.5
21770   34.62758795  131.60464713    39.349   21.4   -9.7   -0.6
21754   42.07878683  139.48919353    42.246   10.9  -10.3   -4.2
21779   41.78165794  140.72453353    39.527    7.0   -8.9    1.7
21773   32.42862191  131.66960112    36.536    8.7   -9.6    0.4
12222   54.79676005   18.41875416    34.740   19.9   14.0    0.7
51601    6.95994521  158.21011206    90.675  -70.0   25.4   -0.3
13104   51.22540868    2.92229036    70.351   17.5   16.0   -0.6
13174   51.33586018    3.20822671    60.254   17.5   15.4   -1.0
41609  -22.68714515  -44.98515857   617.414   -3.6   12.6    0.1
13102   50.00150278    5.14488408   369.923   18.3   15.8    0.3
40167   52.19625467 -106.39835551   578.873  -16.5   -8.2   -0.6
21731   43.52864499  141.84481704   118.567   10.4  -13.2   -0.7
21786   31.57696830  131.40930449    36.906   26.8  -18.4   -1.0
21756   39.94211528  139.70345839    44.710    9.7   -9.2    3.5
21764   36.25458296  136.14884562    42.033   18.0  -11.2   -2.6
21753   43.20952633  140.85830928    38.364   12.8  -12.5    0.6
21763   37.40572847  136.90032504    43.910   19.3  -12.3    0.1
21782   36.76217389  137.22457502    44.210   17.3  -10.2   -0.8
21761   37.81475792  138.28125429    44.770   14.2  -12.4    1.3
21777   44.01941179  144.28579208    36.500   -1.5   -3.9    2.9
10079   42.51532403    3.13670349   108.153   20.6   15.8   -1.0
21771   33.33349972  133.24350215    43.191   -2.6    5.7    4.1
21758   37.83078809  140.96240523    48.882  -15.6   -7.8   -2.5
21765   34.89548532  139.13295908    47.179   -4.8   -8.0    3.4
21766   34.80689834  138.76420127    47.434  -11.8   -6.7   -2.3
21767   34.87066996  138.32741363    46.510   -4.2   -5.8   -4.3
21772   33.47307974  129.84929332    39.070   24.4  -12.7   -0.6
21768   34.90396573  136.82384262    47.002    1.9   -7.7    1.9
21774   32.01740881  130.19106534    39.792   23.1  -19.6   -0.1
21715   34.14414548  135.19153760    45.746    6.1   -7.9    4.4
21775   26.17946980  127.82467290    38.477   33.9  -39.4    0.1
21787   26.21332553  127.66520813    38.666   33.6  -39.2    0.2
21769   35.59368601  134.31593281    42.542   21.3  -11.1   -1.3
21784   34.89731186  132.06621414    39.561   21.5   -9.8   -1.2
21759   35.12938330  140.24945365    39.444   -5.0    2.6    1.3
21781   34.91879142  139.82491838    45.596  -10.4   12.9   -0.7
49528   26.14864502  -81.77628998   -19.054  -10.9    3.1   -2.5
31101  -22.57491934   17.08943285  1734.658   19.4   19.7    0.6
21762   37.35654451  138.50851548    45.585    9.3   -8.3   -1.4
50701   -0.55172948  166.92554775    46.247  -67.0   29.7   -1.3
25001   22.18646079   56.11233654    95.125   36.3   32.5    2.5
21778   42.97556960  144.37139486    35.956  -15.8    3.1    4.3
50512   15.22969723  145.74309191    64.402  -18.3   13.0   -1.2
40165   69.43823435 -132.99435098    -1.537  -11.4  -18.0   -1.4
82301   13.43320835  144.80271250   134.734   -9.1    4.3   -0.7
10426   64.87919812   21.04829218    81.332   17.1   14.3   10.5
11515   49.03471411   20.32293712   746.029   20.6   13.8   -0.4
82007   18.43133850  -65.99347528   -29.051    8.6   13.8   -1.1
49414   40.91467987  -73.12495890    23.785  -15.1    5.0   -1.1
12314   50.00510289   36.23900938   201.031   24.3   12.1    1.1
21749   30.55644396  131.01556782   142.335   31.7  -26.0   -0.2
41622   -1.40879424  -48.46254998     9.062   -4.8   12.7   -2.8
49413   30.46902274  -87.18941991     1.944  -12.6    0.5   -0.7
49412   29.63100940  -83.10815468   -15.309  -12.0    2.0   -0.4
41904    7.89845843  -72.48793964   311.171    3.2   14.5   -1.2
10802   55.71535590   21.11888628    42.751   20.1   13.9    1.0
13229   50.41647103   -4.12618084   175.573   16.4   16.4    0.1
20101   24.91067787   46.40056927   760.035   31.7   29.3   -0.5
50234  -46.58506170  168.29208393   124.623  -27.5   31.9   -1.0
20713   32.48825520   34.89018671    36.594   22.2   19.8    0.4
31308   28.14671010  -15.40760729    49.384   17.1   17.3   -1.2
11904   43.50664155   16.43845350    48.201   23.0   18.3   -0.4
49411   53.87563432 -166.54183637   105.687   -7.8  -23.0    3.0
50124  -33.78087672  151.15038043    85.590   18.1   54.5   -0.8
10063   46.53003005   -1.80578728    56.717   17.9   16.1   -0.2
49410   39.25462803  -76.70935284    44.603  -14.7    4.4   -1.3
49409   40.68052963  -74.23440313    -4.778  -14.4    6.0   -2.1
40537   29.82165375 -109.68104986   625.468  -11.7   -6.3   -0.6
40166   67.55933956  -64.03366776    13.280  -18.7    8.4    4.1
49507   39.99542482 -105.26225279  1653.779  -14.6   -5.9    0.5
49408   40.69109463 -124.23703724    -6.458  -11.3    8.7   -0.9
43006   70.48533452  -21.95033770   128.518  -10.6   19.8    4.1
20404   35.69728290   51.33409426  1194.570   26.9   19.7    1.2
19178   52.94486611    1.13033989    74.132   16.8   16.2   -0.9
13454   38.91124889    1.44896647    59.955   20.0   16.1   -1.7
12617   35.53319003   24.07055943   160.893    8.0  -11.7   -0.1
40423   55.34927587 -160.47675778    89.574  -12.6  -15.6    0.3
10116   54.57443041   11.92292767    43.968   18.4   15.1    0.1
10115   55.46027245    8.43977263    50.096   16.3   16.8   -1.3
10106   57.59110097    9.96754736    50.141   16.7   15.1    2.3
19146   53.31773156   -4.64206679    67.909   15.6   16.6    0.4
97106   15.87532583  -61.58196527    80.919   11.7   15.3   -3.4
21611   43.79068612  125.44420090   273.264   25.7  -11.8    0.7
40168   47.07340445  -64.79871136   -16.001  -15.8    8.2   -0.9
13537   52.46197473    4.55606243    54.073   17.7   16.1   -0.8
40514   19.84442710  -90.54016582    12.179   -8.1    0.3   -2.2
40526   18.49527672  -88.29922484     2.949   -7.7    1.1   -3.3
40522   29.09254673 -110.96721557   186.948  -11.8   -7.5    0.6
40520   20.98004533  -89.62031754     7.856   -8.6    0.6   -1.7
40518   25.71550650 -100.31290630   521.739  -10.6   -3.5   -0.2
40517   17.07833984  -96.71673953  1607.251   -4.7    2.6    0.7
97206   14.81295913  -61.16310776  1209.122   11.6   15.8   -1.3
10118   55.49356636    8.45682676    59.485   17.4   15.4    0.3
20716   30.03841925   35.03604236   457.526   24.4   20.7    1.1
11516   49.13378594   13.72417976   799.405   20.5   15.1   -0.6
19075   42.06401354   11.99995547   362.759   20.3   16.8   -0.5
49406   32.78292376  -79.93799603   -11.388  -12.8    3.2   -1.9
20717   31.03691515   35.36882451  -360.795   24.3   21.5   -0.8
12619   40.56681881   23.00371933   150.081   24.9    6.7   -1.5
12338   51.76970498  102.23498536   811.409   26.8   -6.9    1.0
14014   46.92374774    7.46425246   611.192   19.8   16.1    0.2
41761  -23.67896651  -70.40926908    72.704   31.3   20.1   -0.3
49405   37.86389629 -122.21906065   407.354  -27.2    7.2   -0.0
10087   44.64595494   -1.24883133   106.286   18.5   16.4   -1.0
20718   30.99157005   34.92826925   516.078   23.3   19.4    1.7
80401   19.29294852  -81.37944728     8.422   -8.0    2.8   -1.4
49404   41.33529689  -72.04971718   -19.579  -15.0    5.6   -1.1
49403   41.89970066  -71.88913955    55.905  -15.1    5.5   -0.7
50183  -10.44996421  105.68850068   261.514   41.6   55.0   -1.0
14284   54.75875278    8.29338944    62.722   18.1   15.5   -0.2
49402   60.54870430 -145.74985964   146.023  -21.5    9.4    1.3
49401   59.52803859 -135.22829847   304.191  -10.5  -10.3   16.8
49400   58.41677525 -134.54530146    51.560  -12.7  -13.4   16.2
19197   51.55478856    0.82701900    48.971   17.5   16.4   -0.7
32708    9.69206205    1.66163897   459.837   21.6   18.9   -1.2
19117  -45.88366324  170.59716639   386.919  -31.7   30.9   -2.2
33503   16.25211696   -0.00600920   285.036   20.8   19.1    0.2
19159   60.15405554   -1.14027018    51.608   13.6   17.3    0.1
19158   58.20758664   -6.38894644    60.093   14.2   17.0    0.3
49399   29.26552826  -89.95730245   -17.030  -12.1   -0.6   -6.5
10089   43.55458229    7.01572644    89.855   20.7   16.2   -0.8
49398   48.05954884 -123.50327898   287.324   -6.8   -7.4   -0.7
50210  -19.07652656 -169.92706796    89.700  -59.0   34.7   -2.0
10505   60.20385023   24.96115733    69.990   20.5   12.5    4.8
40521   24.13879861 -110.31934886    -6.850  -48.4   20.8   -1.3
41912    3.88202312  -77.01042038    57.749    5.5   14.0    0.2
12615   35.95148096   27.78078221    74.349   15.9  -15.5   -1.8
14285   54.37292295   10.15679783    47.701   18.2   15.4    0.4
49397   60.48133275 -149.72400728   151.434  -19.2   -1.9    5.0
97302    4.94877227  -52.30997473    45.956   -4.5   13.2    1.2
66061  -77.53272993  160.27140962  1869.696    8.1  -12.1    1.5
66063  -77.03443927  163.19010948   -41.627    9.0  -11.8    1.1
40509   19.31269707  -99.18130287  2308.251   -8.0   -6.0   -2.6
10088   43.39523552   -1.68167754    59.460   18.2   16.8   -2.7
19002   37.51360268   15.08208374    88.896   32.5    7.5    8.5
14502   45.54810931   13.72455665    52.691   23.6   18.2   -0.6
41614   -3.02291860  -60.05501684    93.877   -3.9   12.0   -1.3
49460   25.75460345  -80.37356832     1.750  -10.2    3.3   -1.5
66062  -78.92767342  162.56470104   243.178    8.2  -11.7    1.2
41629    0.04668684  -51.09733710    -4.236   -4.2   12.6    0.1
31509   12.06611826   40.07139689   834.592  -16.5    3.0   -4.2
49130   50.13249457 -125.33083137    -7.446  -10.0   -8.7    3.3
49436   32.61841167 -116.59086316   730.266  -39.4   18.0   -1.3
20719   31.70793707   34.60664618    55.685   22.6   19.3    1.1
82002   17.97039799  -67.04537132   -25.478    8.6   11.7   -0.5
49384   40.71952616  -73.73007806    -1.655  -14.7    4.9   -0.8
32903    9.55425646   -0.86172265   194.494   21.1   18.4    1.2
40616    9.94537457  -85.03119374    20.891   18.1   24.2   -9.7
49381   51.86414944 -176.66264752    59.368  -10.8  -11.1    3.9
33101   12.35639111   -1.51249673   331.050   21.2   18.7   -1.4
49886   32.66542125 -117.24303013   -22.541  -40.7   18.6   -2.8
49671   41.74325299  -70.88659157     5.015  -15.2    6.3   -2.9
50108  -32.99876479  148.26461187   397.355   20.1   55.0   -0.5
40421   64.56449580 -165.37345865   349.451   -1.6  -24.3   -0.2
49377   59.34037553 -138.89881286   773.289  -32.7   17.7   17.5
30902   -6.76558536   39.20792541    70.469   22.3   16.3    2.9
13140   18.34333131  -64.96921330     4.419    8.9   14.4   -1.2
49376   17.71618297  -64.79812517    -6.387   10.9   13.5   -1.0
97403  -21.19596142   55.28802408    27.637   16.5   11.9   -0.7
40516   22.27832088  -97.86402742    21.047   -9.4   -2.8   -0.8
49374   38.92834617 -123.72619790   -11.297  -37.2   23.7   -0.5
12367   55.03050098   82.90948965   149.933   26.3    0.1   -1.0
12266   39.07993967   17.12503488    61.600   29.0   18.4   -2.8
13538   51.44287872    3.59732921    54.416   18.4   15.5   -0.1
49375   36.62167656 -121.90541060   -26.336  -40.2   23.8    0.0
50184  -12.42400842  130.89149363    83.059   35.8   59.2   -1.6
41632  -22.52330261  -52.95208867   299.678   -1.4    8.9   -3.1
21726   33.57785479  135.93695407    97.531   -7.4   -5.4   -1.8
22715    6.03923245  116.11203118    76.352   30.5  -12.6   -3.7
22312   10.60950896   92.53240722   -55.262   21.1   36.1    3.3
40550   16.51996823  -96.05488419   808.487   -0.7    7.3    0.1
49373   39.10067441  -74.80289973   -26.607  -14.5    4.6   -2.3
30313  -46.87645527   37.86099379    61.922    6.0    7.3   -4.1
40551   19.12410495 -104.40152675    -9.718   -2.8    1.6    0.3
24002   29.32496949   47.97149582    20.470   27.7   29.6   -2.7
40169   46.22069125  -64.55201106   -15.293  -15.9    8.4   -0.5
19351   43.32176554   -1.93151494    67.342   18.8   16.6   -0.5
49372   29.28513658  -94.78930135   -17.441  -11.3   -2.5   -0.4
33203   -1.22082958   36.89348156  1591.993   26.7   17.0   -4.4
19833   49.65920205   -1.82960922   231.243   17.0   16.6   -0.6
20131   16.69918169   42.10363570    15.312   36.0   27.0    0.3
49417   39.56145211  -75.56998311   -26.904  -14.3    3.9   -1.4
19855   47.52448755   -2.76980769    83.801   17.6   16.5   -0.6
31314   28.47718461  -16.24115411    51.749   16.2   17.6   -0.9
51501    7.11914890  171.36451982    33.692  -68.7   30.4   -0.5
40546   21.17465309  -86.82090007    -0.205   -9.3    0.6   -1.5
22707    5.31888873  103.13914720    54.981   17.1   -8.2   -2.8
43607   25.05253910  -77.46225640   -21.255   -9.3    4.4   -2.4
43606   23.56404924  -75.87340187   -20.058   -9.6    5.2   -1.7
50185  -24.90822116  152.32100605    80.017   24.0   54.4   -1.0
19128   58.45877092   -5.05233397    64.945   13.8   16.5    0.9
31302   57.89497445   -5.15936878    65.422   14.6   17.1   -0.7
13451   37.19998235   -6.92029536    81.838   17.9   17.3   -1.2
49419   65.61498105 -168.06212528   162.087   -0.9  -23.7    0.3
31502    9.03513573   38.76630398  2439.149   25.2   19.0   -1.6
49642   46.84008501 -122.25651937   533.611  -10.0   -7.7   -1.7
49418   43.39551820 -124.25348279    27.093   -8.3   -2.1    0.2
40547   20.86850253  -86.86817443    -0.458   -9.1    0.5   -1.9
19868   51.02294880    2.37411694    56.796   17.4   16.1   -0.4
43023   66.89772702  -34.03345980   122.256  -15.2   17.5    6.6
43026   72.91067778  -54.39370468   370.384  -21.0    9.2   15.4
43020   74.58062480  -57.22705810    93.999  -21.1    9.0   10.3
43022   61.63187580  -44.90106568  2134.579  -16.3   15.2    8.0
43027   62.53554239  -42.28615043   313.255  -15.2   16.0    7.6
43019   66.86327966  -35.57631483  1720.851  -13.8   18.9    7.9
43016   76.35162064  -61.67766820   609.635  -20.8    8.9   17.0
19867   43.27676112    5.37271072   186.332   20.1   16.4   -0.8
19878   48.44626104   -4.76039483    98.544   17.0   16.8   -0.8
43024   70.74040549  -52.68837316    53.004  -18.7   11.5    5.5
43021   64.43048048  -40.19805268   174.020  -14.9   15.5   10.6
43025   71.84849976  -50.99396236  1337.822  -16.7   12.7    7.7
19861   77.18703708  -65.69462184   670.575  -21.2    6.6   10.9
43028   64.27706894  -41.37507649   121.887  -16.6   15.9    7.8
43018   81.25271459  -63.52739641   203.258  -21.2    7.6    8.8
41636    2.84518348  -60.70111524    69.501   -4.5   12.1   -0.0
41637  -20.31079333  -40.31945522    14.289   -4.1   12.9    0.5
41638  -28.23483835  -48.65572168    31.372   -2.7   12.8   -0.2
41645   -9.96545793  -67.80281190   172.612   -2.8   11.3   -0.6
41644  -12.97515711  -38.51648502    -2.106   -4.7   12.4    0.1
41643  -12.93924569  -38.43225406    76.305   -4.5   12.7    0.1
13911   32.64794865  -16.90761510    78.432   14.4   18.2   -1.2
41639   -0.14385337  -67.05778132    94.888   -4.1   11.5   -1.6
22719    3.24031744  113.09433707    58.998   24.8  -10.1   -3.5
49385   40.01316113  -75.17633424    26.540  -14.5    4.5   -0.6
19940   43.39764927    3.69911757    53.911   19.9   16.1   -1.3
19879   47.86575449   -3.90241370    80.419   17.2   16.8   -0.8
10074   43.47196429   -1.53691043   121.393   19.2   16.4   -0.9
33302  -19.01830575   47.22921202  1552.962   18.4   14.4    0.1
31503    9.01985871   38.76282364  2398.265   23.6   17.8   -0.4
25301   40.37217155   49.81441392    93.976   30.7   10.4    2.6
49449   43.28146546  -72.47757012   155.265  -15.5    4.9    0.1
50242  -43.73547334 -176.61711594    75.677  -40.9   32.7   -1.8
66069  -79.84569852  154.22011968  2192.649    5.6  -12.3    0.9
49371   37.76296791 -122.45815107   154.606  -31.9   15.5   -0.8
41648  -10.17105237  -48.33067942   256.534   -4.4   12.6   -0.9
49450   35.39048435  -85.37805405   206.194  -13.5    1.2   -0.6
51409  -15.97366770  167.19191856    89.941    3.2   34.2  -12.0
49846   36.18167761  -75.75133601   -26.155  -13.5    4.3   -3.5
41628   -8.70933553  -63.89632000   119.586   -3.4   12.1   -1.2
41634  -20.42778361  -51.34338498   375.036   -2.7   12.3   -0.9
12227   54.47238011   17.11752896   108.265   19.7   14.3   -0.3
49451   43.74611674 -111.11027054  1863.944  -16.0  -10.5   -1.1
39003  -20.29707539   57.49703707   421.155   17.5   11.3   -0.5
40549   20.67900347 -105.24920293    10.534   -7.9   -4.1   -1.8
40552   23.16044646 -109.71764694   103.836  -49.6   21.6   -0.8
82009   18.40783666  -66.16119926    49.224    9.0   13.8   -1.3
49389   31.98757758  -81.02290258   -23.168  -12.2    2.4    1.1
21904   13.73591450  100.53392124    74.279   20.2  -14.3   -0.5
51404  -15.64358468  167.09333553    76.891   -2.3   34.5   -5.7
14290   53.32717173    7.03068323    53.456   15.3   15.7   -0.7
15518  -15.48253969  168.15610738   298.521  -22.6   38.1   -3.3
51406  -14.96807100  168.05758612    74.806  -27.7   34.3  -14.0
50177  -33.87431842  121.89432535    32.439   34.8   58.9   -0.9
51407  -15.41951822  167.67930262    78.955  -14.3   35.7   -8.8
50189  -29.04334537  167.93883256   159.013   14.0   45.5   -1.1
30305  -33.95143445   18.46855095    83.503   16.9   19.1   -1.0
41640   -2.59345830  -44.21247923    18.974   -4.1   13.1   -1.2
97205   14.59481638  -60.99617670   -27.099   12.8   15.6   -2.5
31907   39.45383544  -31.12638855    80.213  -10.3   20.1   -1.7
50191  -34.95022651  117.81018706    36.645   37.1   58.1   -0.6
80602  -51.69365206  -57.87406736    50.828    0.3   12.8   -0.6
50144  -41.05006450  145.91485195     3.814   16.9   56.4   -1.7
19850   48.58993346   -2.07597658   116.106   17.6   16.3   -1.2
20308   33.34141555   44.43840321    72.358   24.9   28.1   -1.1
13408   40.45342914   -4.36785259   775.802   18.4   16.4   -1.1
41534  -28.47098461  -65.77412080   547.160    3.4    8.8   -3.6
50162  -42.54643816  147.93085027     1.070   13.8   56.1   -0.8
40191   49.15414277 -125.90783937    -3.871   -2.8   -5.8    1.1
49382   33.93993398  -78.73524992   -17.453  -13.3    3.4   -3.3
97103   16.26230535  -61.52753646   -25.554   10.8   15.2   -0.9
82101   18.34009477  -64.97444726   -21.475   10.0   13.8   -1.8
82008   18.30743904  -65.28251573   -30.405    9.0   14.1   -2.5
34001   -1.94455110   30.08968271  1483.843   25.1   17.6   -2.8
40554   16.16842935  -95.19677689    -0.939   -4.4    2.3   -0.3
39402    0.33766866    6.73256904    32.701   23.3   19.8   -0.8
31102  -22.95035304   14.50354473    34.780   19.8   19.2   -1.0
49390   42.30005717  -71.44191062    42.830  -15.0    5.4    0.2
13241   54.98375652   -7.33664746    68.919   14.1   17.0    1.2
49383   32.77947692  -79.92536489   -14.618  -12.4    3.3   -1.5
12622   38.28365600   21.78674997   121.046    8.3   -6.7    0.2
50243  -36.43441054  174.66277996   111.277    4.4   39.6   -1.5
31909   38.71899391  -27.15299145   406.863   12.7   16.5   -4.1
49387   39.47452379  -74.53082033   -12.381  -14.8    5.0   -1.8
19153   50.52178343   -2.45748307   107.457   17.2   16.4   -0.8
19896   43.77443351    7.49728676    76.740   20.3   16.1   -0.7
59978  -27.52615249  153.26653789    66.907   22.0   53.8   -1.3
32701    6.38466466    2.45002203    30.724   22.1   18.9   -0.9
66038  -65.24600517  -64.25416243    20.997   13.0   10.2    5.0
49386   40.70106921  -74.01432322   -15.749  -14.3    4.4   -2.1
19967   49.85938616    0.99432681   129.931   17.5   15.9   -0.8
92401  -23.34179846 -149.47553815     4.508  -64.4   34.3   -0.6
14294   54.12173575    8.85917133    51.246   17.7   15.5   -0.7
14293   54.73050743    8.68705499    50.358   16.2   15.5   -0.4
19517   44.67690272   12.24943639    47.731   21.6   16.8   -3.9
49396   30.24916881  -88.07797598   -19.204  -12.0   -0.7   -1.3
59998  -31.51988466  159.06120057    71.407   16.1   50.9   -1.0
42204   -3.76734550  -73.26870870   122.128   -4.0   10.6   -2.5
42205  -12.06287501  -77.14931976    33.795   18.4   14.0    2.9
14297   53.77171005    8.09263684    73.328   17.6   15.7   -0.2
59987  -32.47029079  137.93432891   201.880   26.4   58.1   -2.0
19938   48.71843692   -3.96572589    56.121   17.5   16.4   -1.5
23503    7.27275423   80.70262340   380.286   45.6   35.7    1.0
50158  -38.34439617  141.61347254     0.865   20.9   57.1   -0.7
40194   63.75596408  -68.51049766    91.693  -18.6    5.9    5.2
20414   25.64948903   57.76390020   -15.874   29.1   21.7   -1.9
14295   53.33676996    7.18628170    51.111   17.0   15.7   -0.7
19513   45.43057091   12.35407917    60.422   20.8   16.9   -1.4
59984  -15.57315732  133.21275765   229.335   34.5   59.6   -6.9
13301   36.14817673   -5.36498802    45.631   15.9   17.4   -0.6
97105   16.29686548  -61.08645782   -40.285   10.5   15.2   -1.4
66007  -67.57138836  -68.12577563    39.702   14.7   10.0    5.1
82010   18.21758562  -67.15886743   -38.620    8.7   13.1   -1.7
19936   48.64108258   -2.02746599    57.755   17.9   16.4   -1.8
41001   18.52867782  -72.30860525   240.572    3.9    9.9   -1.4
19193   51.56555918   -3.98176471    89.976   16.6   16.3   -0.9
30606  -15.94253411   -5.66734585   453.182   22.7   18.5   -0.2
41544  -38.00576692  -57.57129757    53.577   -4.1   12.4   -0.5
59968  -14.37600081  132.15327350   184.293   35.1   59.2   -0.4
19917   41.85832860    9.40250773    57.240   21.0   16.1   -1.4
19350   36.00851159   -5.60261647    49.911   15.3   18.3   -0.1
50176  -18.00397315  122.20908661    42.248   37.3   59.6   -2.1
19201   49.91455690   -6.29579408    85.362   16.9   17.2   -1.5
59959  -10.59037161  142.29621198    87.703   34.4   57.3    0.0
50178  -35.09470194  138.48571626    57.712   22.2   57.7   -0.4
50145  -34.47554676  150.91369832    34.451   18.2   54.7   -0.8
10117   61.99737084   -6.78352333   110.245   11.8   17.1    0.2
22006   14.53544152  121.04076627    86.639  -24.5    4.8    2.6
22308   11.63777958   92.71213631   -22.619    6.5   18.6   21.3
21616   40.24532493  116.22412883   109.117   29.9  -11.5    0.4
12602   38.07855340   23.93243407   510.568    8.3  -10.7   -0.6
41803  -22.01710301  -63.67998469   659.678   -0.2   12.6   -2.2
50160  -38.37517948  145.21403728    29.216   19.0   56.4   -0.8
30322  -34.42463048   19.22306213    63.046   16.5   18.9   -0.4
30320  -29.66932462   17.87921139  1043.079   17.3   19.5    0.4
30318  -28.29311727   31.42092453   607.944   16.0   18.2   -1.7
30316  -30.66520710   23.99263947  1321.711   16.0   18.8    0.6
30321  -25.80501577   25.53997200  1310.892   18.0   22.3    0.5
19932   50.68035258    1.56755639    89.592   18.4   16.3   -2.6
59953  -23.16098892  150.79008269    58.138   25.8   54.6   -0.3
34108   14.72123517  -17.43946591    51.782   20.5   15.6    3.3
92733  -22.26478774  166.44251593    71.206   20.1   47.4   -1.8
49391   41.74559857 -124.18430079   -21.961  -11.7   -0.7    2.8
22305   26.91243833   80.95589170    53.104   37.2   35.1   -2.2
40611    5.54434216  -87.05583161    10.376   50.1   74.5   -2.7
23501    6.89207465   79.87417590   -78.500   45.3   34.7    0.1
41558  -35.77735110  -69.39792634  1553.709  -24.3   15.6    0.5
